25921       11   57435223   57468659     72       2  351827       4.9782   3.2086e-07       0.0001  10000
219541      11   57471182   57479804    313      11  351827       5.2095   9.4663e-08       0.0001  10000
9169        12   46312914   46385898    202       7  351827       4.5412   2.7972e-06       0.0001  10000
100130958   16   77233349   77246976    601      26  351827        4.728   1.1339e-06       0.0001  10000
9842        17   43513266   43568146    100       6  351827       5.0082   2.7464e-07       0.0001  10000
4137        17   43971702   44105700    175      10  351827       5.2386   8.0905e-08       0.0001  10000
284058      17   44107282   44302740    259      19  351827       4.6998   1.3018e-06       0.0001  10000
9884        17   44316744   44415160    242      19  351827       5.2388   8.0828e-08       0.0001  10000
51326       17   44577184   44657155    161      18  351827       5.5582   1.3626e-08       0.0001  10000
474170      17   44587323   44633016    183      21  351827       5.4574   2.4153e-08       0.0001  10000
7473        17   44839872   44896126    123      11  351827       5.3821   3.6816e-08       0.0001  10000
