3796         5   61601989   61683011    287       8  351827       4.5228   3.0511e-06       0.0001  10000
219541      11   57471182   57479804    291      11  351827       5.0805   1.8817e-07       0.0001  10000
1813        11  113280317  113346413     79       5  351827       4.7593    9.713e-07       0.0001  10000
100130958   16   77233349   77246976    528      22  351827       4.6205   1.9142e-06       0.0001  10000
9842        17   43513266   43568146     77       3  351827       5.1399   1.3744e-07       0.0001  10000
1394        17   43697710   43913194    103       3  351827       5.3002   5.7843e-08       0.0001  10000
4137        17   43971702   44105700    124       7  351827       5.2576   7.2981e-08       0.0001  10000
9884        17   44316744   44415160    246      19  351827       5.1873   1.0667e-07       0.0001  10000
51326       17   44577184   44657155    142      17  351827       5.4419   2.6361e-08       0.0001  10000
474170      17   44587323   44633016    178      19  351827        5.377   3.7876e-08       0.0001  10000
4905        17   44668035   44834830     75       7  351827       5.5338   1.5668e-08       0.0001  10000
7473        17   44839872   44896126     91       8  351827       5.6123   9.9849e-09       0.0001  10000
