109          2   25042038   25142602    369       8  351827       4.4188   4.9631e-06       0.0001  10000
3796         5   61601989   61683011    212       6  351827       4.4173    4.998e-06       0.0001  10000
25921       11   57435223   57468659    272       8  351827       4.4733   3.8508e-06       0.0001  10000
219541      11   57471182   57479804    455      18  351827        4.808   7.6214e-07       0.0001  10000
1813        11  113280317  113346413     63       3  351827       4.6887   1.3744e-06       0.0001  10000
5469        17   37560538   37607527     17       2  351827       4.5006   3.3886e-06       0.0001  10000
9842        17   43513266   43568146     77       3  351827       5.0108     2.71e-07       0.0001  10000
1394        17   43697710   43913194    126       5  351827       5.3341   4.8006e-08       0.0001  10000
4137        17   43971702   44105700     66       2  351827        5.095   1.7435e-07       0.0001  10000
284058      17   44107282   44302740    445      27  351827        4.946   3.7878e-07       0.0001  10000
9884        17   44316744   44415160    249      19  351827       5.2009   9.9137e-08       0.0001  10000
51326       17   44577184   44657155    215      25  351827       4.9626   3.4781e-07       0.0001  10000
474170      17   44587323   44633016    203      22  351827       5.4607   2.3712e-08       0.0001  10000
