219541      11   57471182   57479804    339      14  351827       4.9206   4.3143e-07       0.0001  10000
1813        11  113280317  113346413     35       1  351827        5.227   8.6133e-08       0.0001  10000
5607        15   67835021   68099455     17       2  351827       4.6419   1.7258e-06       0.0001  10000
100130958   16   77233349   77246976    451      20  351827       4.6034   2.0779e-06       0.0001  10000
9842        17   43513266   43568146     19       1  351827       4.4243   4.8387e-06       0.0001  10000
4137        17   43971702   44105700    123       7  351827       5.3335   4.8179e-08       0.0001  10000
284058      17   44107282   44302740    207      16  351827       5.2301   8.4729e-08       0.0001  10000
9884        17   44316744   44415160    201      14  351827       5.2715   6.7669e-08       0.0001  10000
51326       17   44577184   44657155    119      12  351827       5.4146   3.0718e-08       0.0001  10000
474170      17   44587323   44633016    134      14  351827       5.4476   2.5525e-08       0.0001  10000
7473        17   44839872   44896126     64       5  351827       5.7926   3.4645e-09       0.0001  10000
