27292        5   61684351   61699728    369       9  351827        4.398   5.4636e-06       0.0001  10000
326625      12  109991520  110011358      1       1  351827        4.537    2.853e-06       0.0001  10000
5045        15   91411885   91426687     19       2  351827       4.4143   5.0663e-06       0.0001  10000
100130958   16   77233349   77246976    498      22  351827       4.5467   2.7244e-06       0.0001  10000
201176      17   43471268   43510282     55       1  351827       4.6532   1.6341e-06       0.0001  10000
4137        17   43971702   44105700    138       7  351827       5.2013   9.8948e-08       0.0001  10000
9884        17   44316744   44415160    171      10  351827       5.2662   6.9651e-08       0.0001  10000
51326       17   44577184   44657155    108      11  351827       5.3909   3.5048e-08       0.0001  10000
474170      17   44587323   44633016    165      17  351827       5.4052   3.2366e-08       0.0001  10000
4905        17   44668035   44834830     78       6  351827       5.5525   1.4081e-08       0.0001  10000
7473        17   44839872   44896126    107      10  351827       5.6282   9.1046e-09       0.0001  10000
