219541      11   57471182   57479804    149       7  351827       4.6145   1.9705e-06       0.0001  10000
752         17   43299192   43324685    121       8  351827        4.917   4.3947e-07       0.0001  10000
201176      17   43471268   43510282     67       3  351827       4.3899   5.6695e-06       0.0001  10000
9842        17   43513266   43568146    142      10  351827       5.1434   1.3489e-07       0.0001  10000
162540      17   43922256   43924438    180      11  351827       5.3131   5.3903e-08       0.0001  10000
4137        17   43971702   44105700     93       3  351827       5.3289   4.9405e-08       0.0001  10000
284058      17   44107282   44302740    152      12  351827       5.2558   7.3704e-08       0.0001  10000
9884        17   44316744   44415160    190      12  351827       5.2412   7.9788e-08       0.0001  10000
51326       17   44577184   44657155    124      11  351827       5.5308   1.5941e-08       0.0001  10000
474170      17   44587323   44633016    139      13  351827       5.4627    2.345e-08       0.0001  10000
4905        17   44668035   44834830     66       8  351827       5.1921   1.0396e-07       0.0001  10000
