1141         1  154540257  154552354      1       1  351827       4.3828   5.8574e-06       0.0001  10000
25921       11   57435223   57468659     66       1  351827       4.9929   2.9736e-07       0.0001  10000
219541      11   57471182   57479804    335      14  351827       4.7984   7.9964e-07       0.0001  10000
1813        11  113280317  113346413     13       1  351827       4.7016   1.2909e-06       0.0001  10000
9169        12   46312914   46385898    101       3  351827       4.4912   3.5405e-06       0.0001  10000
100130958   16   77233349   77246976    551      24  351827       4.6264   1.8604e-06       0.0001  10000
201176      17   43471268   43510282     58       2  351827       4.5554    2.614e-06       0.0001  10000
9842        17   43513266   43568146     67       2  351827       5.0743   1.9444e-07       0.0001  10000
1394        17   43697710   43913194    153       9  351827       5.2501   7.6018e-08       0.0001  10000
4137        17   43971702   44105700     86       4  351827        5.575   1.2374e-08       0.0001  10000
284058      17   44107282   44302740    202      16  351827       5.3134   5.3801e-08       0.0001  10000
9884        17   44316744   44415160    234      18  351827       5.2449   7.8173e-08       0.0001  10000
51326       17   44577184   44657155    156      19  351827       5.3624   4.1061e-08       0.0001  10000
474170      17   44587323   44633016    165      19  351827       5.4855   2.0617e-08       0.0001  10000
7473        17   44839872   44896126     68       6  351827       5.6802   6.7278e-09       0.0001  10000
