10777        3   35680666   35835988    543      26  351827       4.9782   3.2082e-07       0.0001  10000
5045        15   91411885   91426687     13       2  351827       4.4865   3.6209e-06       0.0001  10000
100130958   16   77233349   77246976    768      27  351827        4.483     3.68e-06       0.0001  10000
79877       17   43100706   43138473    250      23  351827       4.6795   1.4377e-06       0.0001  10000
9842        17   43513266   43568146     60       2  351827       5.0346   2.3942e-07       0.0001  10000
4137        17   43971702   44105700    136       9  351827       5.2535   7.4607e-08       0.0001  10000
284058      17   44107282   44302740    390      26  351827       5.0516   2.1901e-07       0.0001  10000
9884        17   44316744   44415160    254      15  351827       5.6547    7.806e-09       0.0001  10000
51326       17   44577184   44657155    112      13  351827       5.4134   3.0921e-08       0.0001  10000
474170      17   44587323   44633016    200      22  351827       5.4913   1.9953e-08       0.0001  10000
4905        17   44668035   44834830     88       9  351827       5.5987     1.08e-08       0.0001  10000
7473        17   44839872   44896126    135      13  351827       5.4283   2.8452e-08       0.0001  10000
