2632         3   81538850   81810950     62       2  351827       5.0241   2.5293e-07       0.0001  10000
27292        5   61684351   61699728    392      12  351827       4.5103   3.2372e-06       0.0001  10000
2918         7  126078652  126892428    536       5  351827       5.1236    1.499e-07       0.0001  10000
219541      11   57471182   57479804    418      16  351827       4.8979   4.8438e-07       0.0001  10000
54970       11  113185251  113244345    264      19  351827       4.5291   2.9624e-06       0.0001  10000
100130958   16   77233349   77246976    662      31  351827       4.6021   2.0912e-06       0.0001  10000
9842        17   43513266   43568146     52       1  351827       4.4706   3.9001e-06       0.0001  10000
1394        17   43697710   43913194     38       2  351827       5.7944    3.429e-09       0.0001  10000
4137        17   43971702   44105700     92       9  351827       5.5281   1.6185e-08       0.0001  10000
9884        17   44316744   44415160    254      15  351827        5.606   1.0351e-08       0.0001  10000
51326       17   44577184   44657155    182      22  351827       5.2755   6.6198e-08       0.0001  10000
474170      17   44587323   44633016    208      23  351827        5.452   2.4901e-08       0.0001  10000
7473        17   44839872   44896126    161      16  351827       5.4363   2.7201e-08       0.0001  10000
