100130958   16   77233349   77246976    633      25  351827       4.5052   3.3161e-06       0.0001  10000
201176      17   43471268   43510282    138       9  351827       5.1076   1.6314e-07       0.0001  10000
9842        17   43513266   43568146    173      15  351827       5.1094   1.6161e-07       0.0001  10000
4137        17   43971702   44105700    240      18  351827       5.2013   9.8965e-08       0.0001  10000
284058      17   44107282   44302740    225      19  351827       5.1625   1.2185e-07       0.0001  10000
9884        17   44316744   44415160    243      19  351827       5.2607   7.1759e-08       0.0001  10000
51326       17   44577184   44657155    146      16  351827       5.5611   1.3402e-08       0.0001  10000
474170      17   44587323   44633016    146      16  351827       5.4115   3.1241e-08       0.0001  10000
4905        17   44668035   44834830     52       4  351827       5.9322   1.4943e-09       0.0001  10000
7473        17   44839872   44896126     27       3  351827       4.7141   1.2141e-06       0.0001  10000
