219541      11   57471182   57479804    145       7  351827       4.5546   2.6239e-06       0.0001  10000
1813        11  113280317  113346413     15       2  351827       4.6214   1.9058e-06       0.0001  10000
326625      12  109991520  110011358     12       2  351827       4.4691   3.9272e-06       0.0001  10000
100130958   16   77233349   77246976    366      14  351827       4.8133   7.4232e-07       0.0001  10000
9842        17   43513266   43568146     34       1  351827       4.3642    6.379e-06       0.0001  10000
1394        17   43697710   43913194     53       2  351827       5.4844   2.0748e-08       0.0001  10000
4137        17   43971702   44105700    170      11  351827       5.2237   8.7668e-08       0.0001  10000
284058      17   44107282   44302740    244      19  351827       5.2176   9.0632e-08       0.0001  10000
9884        17   44316744   44415160    225      17  351827       5.2637   7.0586e-08       0.0001  10000
51326       17   44577184   44657155    101      10  351827       5.4711    2.236e-08       0.0001  10000
474170      17   44587323   44633016    134      13  351827       5.3052   5.6282e-08       0.0001  10000
7473        17   44839872   44896126     50       2  351827       5.7204    5.315e-09       0.0001  10000
