114818       2   23608298   23931483     16       3  351827       4.5596   2.5628e-06       0.0001  10000
1270        11   58390146   58393206     39       1  351827        5.012   2.6939e-07       0.0001  10000
5607        15   67835021   68099455      7       1  351827       4.6295   1.8328e-06       0.0001  10000
100130958   16   77233349   77246976    367      14  351827       4.8134    7.419e-07       0.0001  10000
201176      17   43471268   43510282     67       2  351827       5.0537   2.1669e-07       0.0001  10000
9842        17   43513266   43568146    101       5  351827       5.1024   1.6765e-07       0.0001  10000
1394        17   43697710   43913194      4       1  351827       5.2712    6.778e-08       0.0001  10000
9884        17   44316744   44415160    179      11  351827       5.3545   4.2895e-08       0.0001  10000
51326       17   44577184   44657155     92       8  351827       5.5832   1.1809e-08       0.0001  10000
474170      17   44587323   44633016    114       9  351827       5.3991   3.3495e-08       0.0001  10000
