2632         3   81538850   81810950     76       2  351827       4.9756    3.252e-07       0.0001  10000
25921       11   57435223   57468659    465      15  351827       4.4802   3.7295e-06       0.0001  10000
255239      11  113258513  113271140    291      21  351827       5.3701   3.9354e-08       0.0001  10000
100130958   16   77233349   77246976    496      22  351827        4.593   2.1847e-06       0.0001  10000
9842        17   43513266   43568146    179      15  351827       4.9866   3.0724e-07       0.0001  10000
1394        17   43697710   43913194    109       4  351827       5.2155   9.1674e-08       0.0001  10000
284058      17   44107282   44302740    302      19  351827       5.1429   1.3526e-07       0.0001  10000
9884        17   44316744   44415160    254      16  351827       5.6664   7.2928e-09       0.0001  10000
51326       17   44577184   44657155    147      17  351827       5.3559   4.2563e-08       0.0001  10000
474170      17   44587323   44633016    189      20  351827       5.3542   4.2974e-08       0.0001  10000
7473        17   44839872   44896126     57       4  351827       5.7996   3.3244e-09       0.0001  10000
