219541      11   57471182   57479804    379      13  351827       5.0187   2.6016e-07       0.0001  10000
4684        11  112831969  113149158    349      16  351827       4.4391   4.5166e-06       0.0001  10000
201176      17   43471268   43510282    164      13  351827       5.0722    1.966e-07       0.0001  10000
1394        17   43697710   43913194     16       1  351827       4.4665   3.9757e-06       0.0001  10000
4137        17   43971702   44105700    109       4  351827       5.2739   6.6763e-08       0.0001  10000
284058      17   44107282   44302740    220      17  351827       5.2213   8.8846e-08       0.0001  10000
9884        17   44316744   44415160    213      16  351827       5.2083   9.5303e-08       0.0001  10000
51326       17   44577184   44657155    161      16  351827        5.494    1.965e-08       0.0001  10000
474170      17   44587323   44633016    159      19  351827       5.4171    3.029e-08       0.0001  10000
4905        17   44668035   44834830     11       1  351827       5.9861   1.0744e-09       0.0001  10000
