lead_snp	nsnps	PP.H0.abf	PP.H1.abf	PP.H2.abf	PP.H3.abf	PP.H4.abf
rs1011339	565	1.92765025775172e-08	2.65842572025263e-09	0.856538393069849	0.11809999259797	0.0253615923972534
rs10789942	464	2.08669785613505e-17	7.81206436672077e-10	2.86473105723859e-10	0.00973455671960364	0.990265442212714
rs10890265	424	9.03569684475906e-08	1.17990436154594e-06	0.0708843920424608	0.925622996281874	0.00349134141433557
rs10896647	241	7.60683031214127e-13	2.09186244317009e-05	1.61220830579781e-09	0.0433787912882566	0.956600288474344
rs10935186	289	1.37597898003297e-10	1.87259707956965e-07	1.23223506236672e-05	0.0157855293548818	0.98420196089719
rs11090045	327	2.22483465752234e-07	9.77191028121852e-06	4.46331454198419e-05	0.000961391326471589	0.998983981134362
rs113209368	274	0.000264094930212181	0.0305223612070213	0.000207823579137823	0.0230729544755496	0.945932765808078
rs11590619	436	3.77053130613268e-07	8.79148369420341e-07	0.295801608110758	0.689685374882534	0.0145117608052073
rs11633788	404	4.55982963942922e-06	4.58014288680657e-08	0.94620752361096	0.00945989916275903	0.0443279715952123
rs11773627	702	1.00961890963025e-13	2.92220877332876e-14	0.773339741957546	0.223830158482216	0.00283009956010743
rs118117804	358	2.71859078811921e-08	8.90489586108535e-09	0.521031281327685	0.170358093678155	0.308610588903357
rs12457949	243	9.59121227878431e-10	1.55812410101889e-10	0.858696878420422	0.139496336187294	0.00180678427734973
rs12675948	377	1.72634695787938e-05	3.59042966624906e-05	0.198916770184051	0.413316304153182	0.387713757896525
rs12958048	371	8.15066195029634e-10	2.67543445132368e-10	0.744892483091645	0.244498490228971	0.0106090255967736
rs150301	379	0.0221622361328359	0.00834723396154453	0.589142657987579	0.221737391957374	0.158610479960667
rs1518393	431	4.66920389398064e-11	1.88133436779595e-10	0.192309537009777	0.774828440774915	0.0328620219804818
rs1593304	515	0.000305003817949309	2.82781952403575e-05	0.487397677732586	0.0447211542859815	0.467547885968243
rs16907656	568	2.45705918675327e-05	0.223860994053287	7.22083707839029e-05	0.657767288005586	0.118274938978475
rs1731951	450	1.20148979508344e-08	1.76901424361301e-09	0.856676944085954	0.126115675531309	0.0172073665988248
rs17514846	632	8.25407860678136e-13	1.21698448169867e-13	0.18008359224494	0.0257574341976775	0.794158973556436
rs17611770	435	2.88682370651131e-06	4.75482758044093e-08	0.772076645878292	0.0125012955187734	0.215419124230951
rs1978573	455	2.85604553896065e-05	0.00130808519204869	0.00218876864360034	0.0993497308923089	0.897124854816652
rs2148184	735	1.61453960088881e-07	1.02863342833864e-07	0.168384338786272	0.106553669366403	0.725061727530022
rs2165446	510	4.28070963043327e-05	0.00026127124271738	0.0112862845817061	0.0679649002854498	0.920444736793823
rs2189246	499	0.00054630689923799	0.000480148548138534	0.073371990226041	0.0636245865924327	0.861976967734149
rs2190864	709	1.57856449112408e-08	2.55202215705174e-09	0.579169911374901	0.0933052950961042	0.327524775191327
rs2239647	654	2.77706263554628e-06	2.24389562570032e-07	0.85024008191947	0.0686191492262648	0.0811377674020666
rs2358740	346	2.02749291752819e-05	3.70294525624666e-06	0.159406718659979	0.028301241907959	0.812268061557631
rs2732708	276	0.000282655489381972	0.0138188963061151	0.000549326285838049	0.0258968560932209	0.959452265825444
rs314289	342	2.7847851922732e-11	9.10000514798283e-12	0.721281334633666	0.235654248126764	0.0430644172026216
rs34277109	613	4.46778564297503e-06	3.20692945735971e-06	0.575136635223385	0.412814975820161	0.012040714241355
rs34556922	476	5.51339587869263e-07	2.9506396268789e-08	0.620240786567766	0.0328469144340043	0.346911718152247
rs3742119	214	5.26942092377032e-11	1.5567501673492e-13	0.577178068211716	0.00128362449390357	0.42153830724153
rs4766428	422	2.04904687697967e-06	0.437157608200477	1.45514267380974e-07	0.0305126767700522	0.532327520468326
rs514130	556	8.41793016227435e-20	2.28712125471551e-10	1.36459876798532e-11	0.0361117679717407	0.963888231785899
rs61687445	410	9.85181173977082e-14	1.37239898064364e-14	0.816752587690385	0.113707544834553	0.0695398674749486
rs61785886	676	7.45998658539231e-07	3.42221105202738e-06	0.0219374313739868	0.0997579664571314	0.878300433959172
rs6442649	527	8.32337154712726e-20	2.2958573407477e-10	1.5050394174287e-11	0.0405544502925521	0.959445549462809
rs6589379	414	1.75726558966806e-08	7.94140914963976e-10	0.82465693385064	0.0371295629873563	0.138213484795209
rs6590094	259	9.70757480247465e-06	7.13456008745199e-08	0.906467758315138	0.0065751168881161	0.0869473458763432
rs6880469	566	9.56434532641536e-09	2.15893424566007e-09	0.376012791130095	0.0843367173082368	0.539650479838389
rs73034295	346	6.37570815514193e-06	6.8964065051619e-05	0.00772122650814498	0.0826085264101726	0.909594907308476
rs7488242	386	3.44603441399284e-13	1.16391005698306e-14	0.706163554013085	0.0235806627988585	0.270255783187701
rs7646741	511	7.03752601180257e-12	8.68668649612751e-13	0.422299620779387	0.0515999507860463	0.526100428426661
rs77335224	426	4.3139197265823e-11	2.0694366900965e-10	0.167525517546362	0.803610226201775	0.0288642560017809
rs77622099	725	3.62054875783954e-07	0.20370740597573	3.94017683069046e-07	0.22111585898574	0.57517597896597
rs7959663	394	6.59026825232294e-13	9.83440875116569e-14	0.415304012562753	0.0614510064328403	0.52324498100365
rs79780963	484	0.00301998807402166	0.000200489046173744	0.504125750740393	0.0330079336486589	0.459645838490753
rs8188099	542	2.51838392418887e-05	2.4366433510384e-05	0.219737648767699	0.212037327484171	0.568175473475378
rs8188180	429	1.26021518885178e-05	0.00242683673582959	0.000191460578384811	0.0359087161694343	0.961460384364462
rs836927	375	0.000474965282028439	8.81667562990207e-05	0.28332956258598	0.0519296633017164	0.664177642073976
rs894875	686	0.000164297085286672	0.0245123037210851	0.0062818551812277	0.937189534879446	0.0318520091329539
rs9462364	696	0.00192000471267615	0.0383213797921508	0.00323247734121664	0.0636241228880886	0.892902015265868
