lead_snp	nsnps	PP.H0.abf	PP.H1.abf	PP.H2.abf	PP.H3.abf	PP.H4.abf
rs10497655	521	0.00164723319669599	0.0754450384722244	0.000849349487728709	0.0380170717269009	0.88404130711645
rs10745843	412	9.49177398105237e-05	0.001070681766265	0.00601887578594804	0.0669676836557226	0.925847841052254
rs11867302	633	0.00046026399951083	0.00267534214657781	0.0136034622975848	0.0781667342811423	0.905094197275184
rs12000113	689	0.03175715463353	0.197495585051464	0.0717365166058134	0.445871379034737	0.253139364674456
rs1941954	614	5.05128197675911e-12	0.950677837484955	1.61769608930949e-13	0.0304269961334661	0.0188951663763658
rs1959581	849	0.0153556364547555	0.145338333502273	0.045518326127411	0.430459430696312	0.363328273219249
rs2345964	581	0.00875149747952258	0.0536890890321049	0.0355178842167081	0.217211919192603	0.684829610079062
rs2514218	575	3.07501447701726e-10	0.841548677223292	1.69837598607437e-11	0.0463678949658206	0.112083427486402
rs3105051	658	0.000172464992732135	0.0995359113233978	0.00027144717742216	0.155918080488729	0.74410209601772
rs34588274	876	6.66825575951321e-07	0.376239060069018	1.86153672228265e-07	0.104513141123028	0.519246945828706
rs60789653	340	0.000279663804580947	0.00608354124315942	0.00316023310605442	0.0678220601297946	0.922654501716412
rs7646741	682	0.000566926102041913	4.69323470233285e-05	0.769170049171768	0.0635081794094897	0.166707912969677
