lead_snp	nsnps	PP.H0.abf	PP.H1.abf	PP.H2.abf	PP.H3.abf	PP.H4.abf
rs1002655	448	8.57547113508599e-07	0.16997572960235	1.16399547335593e-06	0.230117424545516	0.599904824309546
rs10098006	438	5.53754017339649e-08	6.91540352134229e-08	0.432944452365413	0.540644265113962	0.0264111579911863
rs10748696	757	0.0276443204886197	0.169468811692796	0.00875337094231333	0.0529198402481246	0.741213656628147
rs10850379	749	0.000511564737760938	0.62686783735698	6.7828275529887e-05	0.0828265663292463	0.289726203300484
rs11090045	459	0.00682429259636534	0.298675771292202	0.000252102813266071	0.0103497733622539	0.683898059935912
rs11167957	470	0.00284495801463626	0.042095106733301	0.000521409896603298	0.00676721257675385	0.947771312778705
rs12962050	657	2.39350787362333e-16	4.04319689974067e-05	4.24487000695882e-13	0.0707766403163789	0.929182927714198
rs13082065	548	0.00313792504285267	0.857083102641114	0.000250342648837157	0.0683065917270711	0.0712220379401257
rs17570807	622	2.40800613125993e-16	3.9161204864258e-05	4.27263057510547e-13	0.0685540314101043	0.931406807384606
rs2186800	478	1.87993736440541e-08	0.80589530797031	2.92193273107034e-09	0.125189080914081	0.0689155893943024
rs2496016	839	0.00326862719824671	0.00411236413286331	0.276282630072264	0.347230883592698	0.369105495003928
rs4362360	899	0.0332554326261052	0.0972029395851391	0.0275669101072741	0.0798136873681484	0.762161030313333
rs4702	659	0.00647482703658782	0.00298659041925933	0.0042503348799542	0.000975204103752357	0.985313043560446
rs4936278	663	2.33474306092844e-10	0.632791755748322	1.26353377109227e-10	0.342434217216164	0.024774026675686
rs5021426	855	4.40946965435432e-07	2.43635667761004e-07	0.147174970135209	0.0805460546094953	0.772278290672664
rs503460	651	0.00330922746115295	0.0552400664996271	0.0031079368165649	0.0509926243927529	0.887350144829902
rs56305452	280	1.01962549453539e-05	1.44182101741937e-07	0.931242236922835	0.0131127750940698	0.0556346475460479
rs6047270	566	0.0127130146965522	0.0951631262119082	0.0682367411403181	0.510471930729707	0.313415187221514
rs61945218	434	4.77860939042446e-05	0.376224574488734	1.01266046122731e-05	0.0791832107381967	0.544534302074554
rs6467913	569	0.00696763847306675	0.00606668608866096	0.215567023344925	0.187108780995868	0.58428987109748
rs674094	532	1.02966324980983e-08	0.108357815449943	4.5203017597178e-09	0.0467250066880793	0.844917163045044
rs6896007	398	5.29673755004182e-05	0.00388637186298815	0.00139933916830054	0.101780742931673	0.892880578661537
rs7617959	788	0.00125774964972032	0.00529081308605475	0.0217946075687723	0.0907997050253009	0.880857124670152
rs76878377	687	0.00185402078160615	0.00032346595913864	0.531979229597333	0.0924395644258482	0.373403719236074
rs9074	762	0.00337118487171424	0.0193904642873281	0.0435989692353608	0.250090077207723	0.683549304397873
